%	Data from http://www.asdi.com/apps/arm.html, figure 1
%Wavelength,m	Irradiance, W/m^2/nm
350.00e-9	0.58723
351.00e-9	0.70940
352.00e-9	0.48744
353.00e-9	0.42752
354.00e-9	0.43116
355.00e-9	0.48164
356.00e-9	0.54870
357.00e-9	0.53153
358.00e-9	0.50295
359.00e-9	0.54654
360.00e-9	0.59868
361.00e-9	0.63560
362.00e-9	0.63784
363.00e-9	0.64605
364.00e-9	0.66869
365.00e-9	0.70714
366.00e-9	0.74985
367.00e-9	0.75305
368.00e-9	0.73110
369.00e-9	0.70836
370.00e-9	0.69401
371.00e-9	0.68236
372.00e-9	0.67079
373.00e-9	0.68646
374.00e-9	0.70652
375.00e-9	0.72594
376.00e-9	0.71963
377.00e-9	0.70750
378.00e-9	0.68939
379.00e-9	0.65630
380.00e-9	0.62032
381.00e-9	0.59379
382.00e-9	0.59903
383.00e-9	0.60758
384.00e-9	0.61205
385.00e-9	0.60767
386.00e-9	0.63054
387.00e-9	0.66109
388.00e-9	0.69559
389.00e-9	0.66880
390.00e-9	0.63752
391.00e-9	0.60908
392.00e-9	0.61258
393.00e-9	0.61604
394.00e-9	0.62597
395.00e-9	0.65160
396.00e-9	0.72855
397.00e-9	0.80833
398.00e-9	0.87982
399.00e-9	0.92832
400.00e-9	0.96150
401.00e-9	0.98002
402.00e-9	0.98135
403.00e-9	0.97353
404.00e-9	0.96353
405.00e-9	0.96014
406.00e-9	0.96997
407.00e-9	0.98002
408.00e-9	0.98403
409.00e-9	1.0042
410.00e-9	1.0195
411.00e-9	1.0281
412.00e-9	1.0387
413.00e-9	1.0470
414.00e-9	1.0524
415.00e-9	1.0502
416.00e-9	1.0468
417.00e-9	1.0445
418.00e-9	1.0455
419.00e-9	1.0499
420.00e-9	1.0502
421.00e-9	1.0441
422.00e-9	1.0438
423.00e-9	1.0440
424.00e-9	1.0433
425.00e-9	1.0336
426.00e-9	1.0112
427.00e-9	0.97768
428.00e-9	0.92621
429.00e-9	0.92989
430.00e-9	0.96178
431.00e-9	1.0183
432.00e-9	1.0453
433.00e-9	1.0786
434.00e-9	1.1201
435.00e-9	1.1388
436.00e-9	1.1323
437.00e-9	1.1163
438.00e-9	1.1309
439.00e-9	1.1624
440.00e-9	1.1985
441.00e-9	1.2312
442.00e-9	1.2485
443.00e-9	1.2560
444.00e-9	1.2540
445.00e-9	1.2690
446.00e-9	1.2919
447.00e-9	1.3208
448.00e-9	1.3471
449.00e-9	1.3709
450.00e-9	1.3824
451.00e-9	1.3574
452.00e-9	1.3429
453.00e-9	1.3419
454.00e-9	1.3597
455.00e-9	1.3772
456.00e-9	1.3843
457.00e-9	1.3804
458.00e-9	1.3798
459.00e-9	1.3897
460.00e-9	1.4052
461.00e-9	1.4155
462.00e-9	1.4111
463.00e-9	1.4011
464.00e-9	1.3905
465.00e-9	1.3805
466.00e-9	1.3759
467.00e-9	1.3785
468.00e-9	1.3764
469.00e-9	1.3778
470.00e-9	1.3835
471.00e-9	1.4020
472.00e-9	1.4121
473.00e-9	1.4175
474.00e-9	1.4208
475.00e-9	1.4215
476.00e-9	1.4259
477.00e-9	1.4381
478.00e-9	1.4470
479.00e-9	1.4542
480.00e-9	1.4593
481.00e-9	1.4564
482.00e-9	1.4439
483.00e-9	1.4177
484.00e-9	1.3568
485.00e-9	1.3110
486.00e-9	1.2948
487.00e-9	1.3344
488.00e-9	1.3757
489.00e-9	1.4012
490.00e-9	1.4057
491.00e-9	1.3949
492.00e-9	1.4002
493.00e-9	1.4180
494.00e-9	1.4310
495.00e-9	1.4345
496.00e-9	1.4307
497.00e-9	1.4181
498.00e-9	1.4052
499.00e-9	1.3898
500.00e-9	1.3704
501.00e-9	1.3699
502.00e-9	1.3758
503.00e-9	1.3874
504.00e-9	1.4073
505.00e-9	1.4163
506.00e-9	1.4173
507.00e-9	1.4117
508.00e-9	1.4133
509.00e-9	1.4169
510.00e-9	1.4191
511.00e-9	1.4116
512.00e-9	1.3993
513.00e-9	1.3826
514.00e-9	1.3623
515.00e-9	1.3278
516.00e-9	1.2872
517.00e-9	1.2806
518.00e-9	1.3041
519.00e-9	1.3394
520.00e-9	1.3682
521.00e-9	1.3818
522.00e-9	1.3932
523.00e-9	1.4067
524.00e-9	1.3982
525.00e-9	1.3804
526.00e-9	1.3578
527.00e-9	1.3803
528.00e-9	1.4081
529.00e-9	1.4338
530.00e-9	1.4370
531.00e-9	1.4243
532.00e-9	1.4127
533.00e-9	1.4144
534.00e-9	1.4254
535.00e-9	1.4307
536.00e-9	1.4271
537.00e-9	1.4182
538.00e-9	1.4049
539.00e-9	1.3898
540.00e-9	1.3851
541.00e-9	1.3903
542.00e-9	1.4001
543.00e-9	1.4100
544.00e-9	1.4141
545.00e-9	1.4142
546.00e-9	1.4102
547.00e-9	1.4091
548.00e-9	1.4103
549.00e-9	1.4133
550.00e-9	1.4128
551.00e-9	1.4122
552.00e-9	1.4124
553.00e-9	1.4160
554.00e-9	1.4135
555.00e-9	1.4060
556.00e-9	1.3917
557.00e-9	1.3776
558.00e-9	1.3692
559.00e-9	1.3683
560.00e-9	1.3757
561.00e-9	1.3814
562.00e-9	1.3849
563.00e-9	1.3820
564.00e-9	1.3774
565.00e-9	1.3732
566.00e-9	1.3720
567.00e-9	1.3682
568.00e-9	1.3627
569.00e-9	1.3553
570.00e-9	1.3580
571.00e-9	1.3650
572.00e-9	1.3746
573.00e-9	1.3742
574.00e-9	1.3708
575.00e-9	1.3657
576.00e-9	1.3607
577.00e-9	1.3581
578.00e-9	1.3590
579.00e-9	1.3659
580.00e-9	1.3755
581.00e-9	1.3837
582.00e-9	1.3896
583.00e-9	1.3859
584.00e-9	1.3794
585.00e-9	1.3696
586.00e-9	1.3517
587.00e-9	1.3270
588.00e-9	1.3058
589.00e-9	1.3027
590.00e-9	1.3126
591.00e-9	1.3242
592.00e-9	1.3339
593.00e-9	1.3367
594.00e-9	1.3387
595.00e-9	1.3401
596.00e-9	1.3392
597.00e-9	1.3373
598.00e-9	1.3344
599.00e-9	1.3298
600.00e-9	1.3272
601.00e-9	1.3277
602.00e-9	1.3329
603.00e-9	1.3359
604.00e-9	1.3376
605.00e-9	1.3380
606.00e-9	1.3346
607.00e-9	1.3307
608.00e-9	1.3264
609.00e-9	1.3223
610.00e-9	1.3175
611.00e-9	1.3127
612.00e-9	1.3087
613.00e-9	1.3025
614.00e-9	1.2974
615.00e-9	1.2946
616.00e-9	1.2956
617.00e-9	1.2978
618.00e-9	1.3010
619.00e-9	1.3043
620.00e-9	1.3066
621.00e-9	1.3074
622.00e-9	1.3044
623.00e-9	1.2982
624.00e-9	1.2914
625.00e-9	1.2854
626.00e-9	1.2815
627.00e-9	1.2773
628.00e-9	1.2726
629.00e-9	1.2697
630.00e-9	1.2679
631.00e-9	1.2671
632.00e-9	1.2681
633.00e-9	1.2709
634.00e-9	1.2745
635.00e-9	1.2786
636.00e-9	1.2824
637.00e-9	1.2852
638.00e-9	1.2868
639.00e-9	1.2858
640.00e-9	1.2836
641.00e-9	1.2805
642.00e-9	1.2785
643.00e-9	1.2773
644.00e-9	1.2762
645.00e-9	1.2735
646.00e-9	1.2682
647.00e-9	1.2621
648.00e-9	1.2559
649.00e-9	1.2523
650.00e-9	1.2508
651.00e-9	1.2516
652.00e-9	1.2524
653.00e-9	1.2476
654.00e-9	1.2364
655.00e-9	1.2122
656.00e-9	1.1946
657.00e-9	1.1861
658.00e-9	1.1945
659.00e-9	1.2098
660.00e-9	1.2260
661.00e-9	1.2417
662.00e-9	1.2512
663.00e-9	1.2572
664.00e-9	1.2601
665.00e-9	1.2602
666.00e-9	1.2600
667.00e-9	1.2595
668.00e-9	1.2587
669.00e-9	1.2565
670.00e-9	1.2536
671.00e-9	1.2502
672.00e-9	1.2474
673.00e-9	1.2454
674.00e-9	1.2442
675.00e-9	1.2433
676.00e-9	1.2425
677.00e-9	1.2417
678.00e-9	1.2410
679.00e-9	1.2396
680.00e-9	1.2377
681.00e-9	1.2357
682.00e-9	1.2323
683.00e-9	1.2266
684.00e-9	1.2178
685.00e-9	1.1927
686.00e-9	1.1590
687.00e-9	1.1191
688.00e-9	1.0882
689.00e-9	1.0736
690.00e-9	1.0709
691.00e-9	1.0814
692.00e-9	1.0965
693.00e-9	1.1119
694.00e-9	1.1253
695.00e-9	1.1359
696.00e-9	1.1450
697.00e-9	1.1523
698.00e-9	1.1534
699.00e-9	1.1516
700.00e-9	1.1477
701.00e-9	1.1428
702.00e-9	1.1410
703.00e-9	1.1414
704.00e-9	1.1443
705.00e-9	1.1478
706.00e-9	1.1506
707.00e-9	1.1523
708.00e-9	1.1530
709.00e-9	1.1526
710.00e-9	1.1511
711.00e-9	1.1485
712.00e-9	1.1445
713.00e-9	1.1379
714.00e-9	1.1243
715.00e-9	1.0976
716.00e-9	1.0649
717.00e-9	1.0275
718.00e-9	1.0036
719.00e-9	0.99205
720.00e-9	0.99270
721.00e-9	0.99814
722.00e-9	1.0013
723.00e-9	1.0023
724.00e-9	1.0002
725.00e-9	0.99738
726.00e-9	0.99528
727.00e-9	0.99558
728.00e-9	1.0005
729.00e-9	1.0089
730.00e-9	1.0210
731.00e-9	1.0364
732.00e-9	1.0503
733.00e-9	1.0624
734.00e-9	1.0692
735.00e-9	1.0730
736.00e-9	1.0748
737.00e-9	1.0747
738.00e-9	1.0739
739.00e-9	1.0737
740.00e-9	1.0749
741.00e-9	1.0780
742.00e-9	1.0808
743.00e-9	1.0833
744.00e-9	1.0849
745.00e-9	1.0859
746.00e-9	1.0860
747.00e-9	1.0838
748.00e-9	1.0809
749.00e-9	1.0780
750.00e-9	1.0760
751.00e-9	1.0744
752.00e-9	1.0728
753.00e-9	1.0709
754.00e-9	1.0649
755.00e-9	1.0419
756.00e-9	0.99866
757.00e-9	0.90281
758.00e-9	0.79763
759.00e-9	0.69624
760.00e-9	0.62284
761.00e-9	0.59050
762.00e-9	0.58787
763.00e-9	0.61972
764.00e-9	0.68563
765.00e-9	0.75788
766.00e-9	0.83307
767.00e-9	0.89446
768.00e-9	0.94307
769.00e-9	0.98042
770.00e-9	1.0027
771.00e-9	1.0155
772.00e-9	1.0232
773.00e-9	1.0266
774.00e-9	1.0276
775.00e-9	1.0276
776.00e-9	1.0270
777.00e-9	1.0256
778.00e-9	1.0245
779.00e-9	1.0234
780.00e-9	1.0220
781.00e-9	1.0201
782.00e-9	1.0181
783.00e-9	1.0165
784.00e-9	1.0138
785.00e-9	1.0104
786.00e-9	1.0061
787.00e-9	1.0009
788.00e-9	0.99515
789.00e-9	0.98893
790.00e-9	0.98259
791.00e-9	0.97700
792.00e-9	0.97238
793.00e-9	0.97008
794.00e-9	0.96901
795.00e-9	0.96867
796.00e-9	0.96904
797.00e-9	0.96842
798.00e-9	0.96707
799.00e-9	0.96495
800.00e-9	0.96238
801.00e-9	0.95972
802.00e-9	0.95715
803.00e-9	0.95579
804.00e-9	0.95456
805.00e-9	0.95315
806.00e-9	0.95095
807.00e-9	0.94730
808.00e-9	0.94237
809.00e-9	0.93585
810.00e-9	0.92441
811.00e-9	0.90948
812.00e-9	0.89108
813.00e-9	0.86950
814.00e-9	0.84874
815.00e-9	0.82969
816.00e-9	0.81620
817.00e-9	0.81038
818.00e-9	0.80806
819.00e-9	0.80783
820.00e-9	0.80667
821.00e-9	0.80797
822.00e-9	0.81274
823.00e-9	0.82002
824.00e-9	0.82561
825.00e-9	0.82967
826.00e-9	0.83233
827.00e-9	0.83471
828.00e-9	0.83653
829.00e-9	0.83706
830.00e-9	0.83716
831.00e-9	0.83833
832.00e-9	0.84150
833.00e-9	0.84755
834.00e-9	0.85408
835.00e-9	0.86089
836.00e-9	0.86739
837.00e-9	0.87336
838.00e-9	0.87855
839.00e-9	0.88174
840.00e-9	0.88327
841.00e-9	0.88401
842.00e-9	0.88424
843.00e-9	0.88424
844.00e-9	0.88371
845.00e-9	0.88254
846.00e-9	0.87856
847.00e-9	0.87349
848.00e-9	0.86754
849.00e-9	0.86166
850.00e-9	0.85304
851.00e-9	0.84265
852.00e-9	0.83077
853.00e-9	0.82539
854.00e-9	0.82398
855.00e-9	0.82679
856.00e-9	0.83092
857.00e-9	0.83594
858.00e-9	0.84181
859.00e-9	0.84850
860.00e-9	0.85306
861.00e-9	0.85509
862.00e-9	0.85176
863.00e-9	0.84405
864.00e-9	0.83518
865.00e-9	0.82687
866.00e-9	0.82259
867.00e-9	0.81992
868.00e-9	0.81863
869.00e-9	0.81933
870.00e-9	0.82160
871.00e-9	0.82508
872.00e-9	0.82851
873.00e-9	0.83003
874.00e-9	0.83020
875.00e-9	0.82900
876.00e-9	0.82726
877.00e-9	0.82522
878.00e-9	0.82292
879.00e-9	0.82105
880.00e-9	0.81961
881.00e-9	0.81857
882.00e-9	0.81726
883.00e-9	0.81554
884.00e-9	0.81360
885.00e-9	0.81177
886.00e-9	0.81060
887.00e-9	0.80944
888.00e-9	0.80787
889.00e-9	0.80500
890.00e-9	0.80108
891.00e-9	0.79602
892.00e-9	0.78774
893.00e-9	0.77663
894.00e-9	0.76275
895.00e-9	0.74539
896.00e-9	0.72606
897.00e-9	0.70587
898.00e-9	0.68595
899.00e-9	0.67036
900.00e-9	0.65917
901.00e-9	0.65371
902.00e-9	0.65507
903.00e-9	0.65799
904.00e-9	0.66194
905.00e-9	0.66400
906.00e-9	0.66426
907.00e-9	0.66301
908.00e-9	0.65984
909.00e-9	0.65433
910.00e-9	0.64732
911.00e-9	0.63880
912.00e-9	0.63217
913.00e-9	0.62753
914.00e-9	0.62514
915.00e-9	0.62522
916.00e-9	0.62659
917.00e-9	0.62914
918.00e-9	0.63303
919.00e-9	0.63769
920.00e-9	0.64255
921.00e-9	0.64695
922.00e-9	0.65083
923.00e-9	0.65379
924.00e-9	0.65541
925.00e-9	0.65197
926.00e-9	0.64418
927.00e-9	0.63174
928.00e-9	0.61168
929.00e-9	0.58663
930.00e-9	0.55728
931.00e-9	0.52311
932.00e-9	0.48694
933.00e-9	0.45030
934.00e-9	0.41443
935.00e-9	0.38598
936.00e-9	0.36320
937.00e-9	0.34686
938.00e-9	0.34205
939.00e-9	0.34238
940.00e-9	0.34765
941.00e-9	0.35712
942.00e-9	0.36624
943.00e-9	0.37487
944.00e-9	0.38197
945.00e-9	0.38648
946.00e-9	0.38856
947.00e-9	0.38761
948.00e-9	0.38470
949.00e-9	0.38340
950.00e-9	0.38390
951.00e-9	0.38666
952.00e-9	0.38993
953.00e-9	0.39365
954.00e-9	0.39808
955.00e-9	0.40239
956.00e-9	0.40652
957.00e-9	0.41042
958.00e-9	0.41505
959.00e-9	0.42069
960.00e-9	0.42746
961.00e-9	0.43476
962.00e-9	0.44233
963.00e-9	0.45045
964.00e-9	0.46078
965.00e-9	0.47210
966.00e-9	0.48414
967.00e-9	0.49696
968.00e-9	0.51076
969.00e-9	0.52411
970.00e-9	0.53652
971.00e-9	0.54698
972.00e-9	0.55601
973.00e-9	0.56358
974.00e-9	0.56926
975.00e-9	0.57361
976.00e-9	0.57658
977.00e-9	0.57715
978.00e-9	0.57713
979.00e-9	0.57741
980.00e-9	0.57863
981.00e-9	0.58088
982.00e-9	0.58435
983.00e-9	0.58915
984.00e-9	0.59517
985.00e-9	0.60158
986.00e-9	0.60817
987.00e-9	0.61400
988.00e-9	0.61889
989.00e-9	0.62323
990.00e-9	0.62706
991.00e-9	0.63058
992.00e-9	0.63331
993.00e-9	0.63493
994.00e-9	0.63597
995.00e-9	0.63690
996.00e-9	0.63771
997.00e-9	0.63815
998.00e-9	0.63762
999.00e-9	0.63675
1000.0e-9	0.63655
1001.0e-9	0.62093
1002.0e-9	0.61899
1003.0e-9	0.61740
1004.0e-9	0.61627
1005.0e-9	0.61569
1006.0e-9	0.61488
1007.0e-9	0.61360
1008.0e-9	0.61242
1009.0e-9	0.61193
1010.0e-9	0.61147
1011.0e-9	0.61054
1012.0e-9	0.60962
1013.0e-9	0.60879
1014.0e-9	0.60783
1015.0e-9	0.60654
1016.0e-9	0.60522
1017.0e-9	0.60402
1018.0e-9	0.60282
1019.0e-9	0.60153
1020.0e-9	0.59976
1021.0e-9	0.59804
1022.0e-9	0.59662
1023.0e-9	0.59533
1024.0e-9	0.59442
1025.0e-9	0.59354
1026.0e-9	0.59214
1027.0e-9	0.59064
1028.0e-9	0.58888
1029.0e-9	0.58698
1030.0e-9	0.58526
1031.0e-9	0.58376
1032.0e-9	0.58226
1033.0e-9	0.58072
1034.0e-9	0.57922
1035.0e-9	0.57778
1036.0e-9	0.57640
1037.0e-9	0.57501
1038.0e-9	0.57362
1039.0e-9	0.57222
1040.0e-9	0.57082
1041.0e-9	0.56944
1042.0e-9	0.56838
1043.0e-9	0.56730
1044.0e-9	0.56587
1045.0e-9	0.56449
1046.0e-9	0.56297
1047.0e-9	0.56141
1048.0e-9	0.55982
1049.0e-9	0.55813
1050.0e-9	0.55634
1051.0e-9	0.55453
1052.0e-9	0.55278
1053.0e-9	0.55102
1054.0e-9	0.54905
1055.0e-9	0.54698
1056.0e-9	0.54488
1057.0e-9	0.54272
1058.0e-9	0.54057
1059.0e-9	0.53852
1060.0e-9	0.53654
1061.0e-9	0.53460
1062.0e-9	0.53269
1063.0e-9	0.53089
1064.0e-9	0.52924
1065.0e-9	0.52768
1066.0e-9	0.52610
1067.0e-9	0.52462
1068.0e-9	0.52332
1069.0e-9	0.52209
1070.0e-9	0.52080
1071.0e-9	0.51949
1072.0e-9	0.51820
1073.0e-9	0.51702
1074.0e-9	0.51573
1075.0e-9	0.51414
1076.0e-9	0.51240
1077.0e-9	0.51058
1078.0e-9	0.50864
1079.0e-9	0.50656
1080.0e-9	0.50432
1081.0e-9	0.50201
1082.0e-9	0.49975
1083.0e-9	0.49741
1084.0e-9	0.49489
1085.0e-9	0.49221
1086.0e-9	0.48935
1087.0e-9	0.48621
1088.0e-9	0.48290
1089.0e-9	0.47953
1090.0e-9	0.47594
1091.0e-9	0.47210
1092.0e-9	0.46803
1093.0e-9	0.46382
1094.0e-9	0.45946
1095.0e-9	0.45501
1096.0e-9	0.45058
1097.0e-9	0.44617
1098.0e-9	0.44151
1099.0e-9	0.43668
1100.0e-9	0.43145
1101.0e-9	0.42575
1102.0e-9	0.41914
1103.0e-9	0.41161
1104.0e-9	0.40312
1105.0e-9	0.39338
1106.0e-9	0.38255
1107.0e-9	0.36994
1108.0e-9	0.35637
1109.0e-9	0.34136
1110.0e-9	0.32566
1111.0e-9	0.30897
1112.0e-9	0.29190
1113.0e-9	0.27495
1114.0e-9	0.25816
1115.0e-9	0.24230
1116.0e-9	0.22702
1117.0e-9	0.21368
1118.0e-9	0.20179
1119.0e-9	0.19163
1120.0e-9	0.18376
1121.0e-9	0.17712
1122.0e-9	0.17269
1123.0e-9	0.16911
1124.0e-9	0.16738
1125.0e-9	0.16649
1126.0e-9	0.16757
1127.0e-9	0.16943
1128.0e-9	0.17264
1129.0e-9	0.17632
1130.0e-9	0.18049
1131.0e-9	0.18486
1132.0e-9	0.18942
1133.0e-9	0.19417
1134.0e-9	0.19871
1135.0e-9	0.20302
1136.0e-9	0.20671
1137.0e-9	0.20926
1138.0e-9	0.21139
1139.0e-9	0.21228
1140.0e-9	0.21291
1141.0e-9	0.21283
1142.0e-9	0.21265
1143.0e-9	0.21256
1144.0e-9	0.21257
1145.0e-9	0.21370
1146.0e-9	0.21526
1147.0e-9	0.21857
1148.0e-9	0.22254
1149.0e-9	0.22801
1150.0e-9	0.23468
1151.0e-9	0.24231
1152.0e-9	0.25124
1153.0e-9	0.26048
1154.0e-9	0.27026
1155.0e-9	0.28000
1156.0e-9	0.28936
1157.0e-9	0.29868
1158.0e-9	0.30730
1159.0e-9	0.31587
1160.0e-9	0.32357
1161.0e-9	0.33128
1162.0e-9	0.33765
1163.0e-9	0.34380
1164.0e-9	0.34887
1165.0e-9	0.35335
1166.0e-9	0.35712
1167.0e-9	0.36035
1168.0e-9	0.36299
1169.0e-9	0.36468
1170.0e-9	0.36597
1171.0e-9	0.36614
1172.0e-9	0.36619
1173.0e-9	0.36573
1174.0e-9	0.36522
1175.0e-9	0.36452
1176.0e-9	0.36383
1177.0e-9	0.36291
1178.0e-9	0.36191
1179.0e-9	0.36121
1180.0e-9	0.36063
1181.0e-9	0.36059
1182.0e-9	0.36077
1183.0e-9	0.36147
1184.0e-9	0.36258
1185.0e-9	0.36377
1186.0e-9	0.36507
1187.0e-9	0.36636
1188.0e-9	0.36773
1189.0e-9	0.36896
1190.0e-9	0.36965
1191.0e-9	0.37022
1192.0e-9	0.37010
1193.0e-9	0.36992
1194.0e-9	0.36901
1195.0e-9	0.36805
1196.0e-9	0.36724
1197.0e-9	0.36644
1198.0e-9	0.36564
1199.0e-9	0.36487
1200.0e-9	0.36442
1201.0e-9	0.36418
1202.0e-9	0.36431
1203.0e-9	0.36477
1204.0e-9	0.36548
1205.0e-9	0.36668
1206.0e-9	0.36788
1207.0e-9	0.36918
1208.0e-9	0.37049
1209.0e-9	0.37196
1210.0e-9	0.37341
1211.0e-9	0.37488
1212.0e-9	0.37633
1213.0e-9	0.37773
1214.0e-9	0.37911
1215.0e-9	0.38016
1216.0e-9	0.38112
1217.0e-9	0.38200
1218.0e-9	0.38284
1219.0e-9	0.38351
1220.0e-9	0.38405
1221.0e-9	0.38460
1222.0e-9	0.38518
1223.0e-9	0.38572
1224.0e-9	0.38620
1225.0e-9	0.38670
1226.0e-9	0.38728
1227.0e-9	0.38784
1228.0e-9	0.38836
1229.0e-9	0.38887
1230.0e-9	0.38920
1231.0e-9	0.38952
1232.0e-9	0.38949
1233.0e-9	0.38942
1234.0e-9	0.38925
1235.0e-9	0.38904
1236.0e-9	0.38863
1237.0e-9	0.38812
1238.0e-9	0.38752
1239.0e-9	0.38683
1240.0e-9	0.38614
1241.0e-9	0.38543
1242.0e-9	0.38467
1243.0e-9	0.38378
1244.0e-9	0.38285
1245.0e-9	0.38172
1246.0e-9	0.38057
1247.0e-9	0.37918
1248.0e-9	0.37779
1249.0e-9	0.37592
1250.0e-9	0.37405
1251.0e-9	0.37170
1252.0e-9	0.36930
1253.0e-9	0.36617
1254.0e-9	0.36287
1255.0e-9	0.35918
1256.0e-9	0.35532
1257.0e-9	0.35108
1258.0e-9	0.34657
1259.0e-9	0.34214
1260.0e-9	0.33778
1261.0e-9	0.33384
1262.0e-9	0.33062
1263.0e-9	0.32775
1264.0e-9	0.32580
1265.0e-9	0.32418
1266.0e-9	0.32409
1267.0e-9	0.32413
1268.0e-9	0.32580
1269.0e-9	0.32747
1270.0e-9	0.33004
1271.0e-9	0.33264
1272.0e-9	0.33511
1273.0e-9	0.33755
1274.0e-9	0.33988
1275.0e-9	0.34218
1276.0e-9	0.34408
1277.0e-9	0.34579
1278.0e-9	0.34701
1279.0e-9	0.34784
1280.0e-9	0.34862
1281.0e-9	0.34936
1282.0e-9	0.35017
1283.0e-9	0.35110
1284.0e-9	0.35191
1285.0e-9	0.35238
1286.0e-9	0.35275
1287.0e-9	0.35265
1288.0e-9	0.35254
1289.0e-9	0.35217
1290.0e-9	0.35179
1291.0e-9	0.35070
1292.0e-9	0.34958
1293.0e-9	0.34776
1294.0e-9	0.34584
1295.0e-9	0.34363
1296.0e-9	0.34135
1297.0e-9	0.33898
1298.0e-9	0.33656
1299.0e-9	0.33382
1300.0e-9	0.33087
1301.0e-9	0.32781
1302.0e-9	0.32468
1303.0e-9	0.32147
1304.0e-9	0.31813
1305.0e-9	0.31477
1306.0e-9	0.31138
1307.0e-9	0.30799
1308.0e-9	0.30461
1309.0e-9	0.30122
1310.0e-9	0.29781
1311.0e-9	0.29444
1312.0e-9	0.29153
1313.0e-9	0.28866
1314.0e-9	0.28600
1315.0e-9	0.28336
1316.0e-9	0.28075
1317.0e-9	0.27815
1318.0e-9	0.27500
1319.0e-9	0.27167
1320.0e-9	0.26789
1321.0e-9	0.26388
1322.0e-9	0.25916
1323.0e-9	0.25398
1324.0e-9	0.24852
1325.0e-9	0.24274
1326.0e-9	0.23684
1327.0e-9	0.23085
1328.0e-9	0.22514
1329.0e-9	0.22009
1330.0e-9	0.21536
1331.0e-9	0.21170
1332.0e-9	0.20815
1333.0e-9	0.20519
1334.0e-9	0.20216
1335.0e-9	0.19857
1336.0e-9	0.19486
1337.0e-9	0.18989
1338.0e-9	0.18470
1339.0e-9	0.17721
1340.0e-9	0.16923
1341.0e-9	0.15888
1342.0e-9	0.14768
1343.0e-9	0.13497
1344.0e-9	0.12140
1345.0e-9	0.10766
1346.0e-9	0.093705
1347.0e-9	0.080130
1348.0e-9	0.066912
1349.0e-9	0.054744
1350.0e-9	0.043887
1351.0e-9	0.034113
1352.0e-9	0.026264
1353.0e-9	0.019310
1354.0e-9	0.014441
1355.0e-9	0.010089
1356.0e-9	0.0073810
1357.0e-9	0.0049290
1358.0e-9	0.0036200
1359.0e-9	0.0024120
1360.0e-9	0.0018900
1361.0e-9	0.0014180
1362.0e-9	0.0012440
1363.0e-9	0.0010900
1364.0e-9	0.0010770
1365.0e-9	0.0010810
1366.0e-9	0.0012030
1367.0e-9	0.0013380
1368.0e-9	0.0015140
1369.0e-9	0.0017010
1370.0e-9	0.0019110
1371.0e-9	0.0021260
1372.0e-9	0.0023100
1373.0e-9	0.0024740
1374.0e-9	0.0025750
1375.0e-9	0.0026170
1376.0e-9	0.0026190
1377.0e-9	0.0025800
1378.0e-9	0.0025420
1379.0e-9	0.0025040
1380.0e-9	0.0024930
1381.0e-9	0.0025590
1382.0e-9	0.0026420
1383.0e-9	0.0027960
1384.0e-9	0.0029690
1385.0e-9	0.0032270
1386.0e-9	0.0034990
1387.0e-9	0.0038530
1388.0e-9	0.0042030
1389.0e-9	0.0045020
1390.0e-9	0.0047940
1391.0e-9	0.0050320
1392.0e-9	0.0052620
1393.0e-9	0.0055730
1394.0e-9	0.0058990
1395.0e-9	0.0062250
1396.0e-9	0.0065500
1397.0e-9	0.0068590
1398.0e-9	0.0071690
1399.0e-9	0.0075250
1400.0e-9	0.0079080
1401.0e-9	0.0084230
1402.0e-9	0.0090180
1403.0e-9	0.0097080
1404.0e-9	0.010484
1405.0e-9	0.011417
1406.0e-9	0.012502
1407.0e-9	0.013727
1408.0e-9	0.015182
1409.0e-9	0.016673
1410.0e-9	0.018250
1411.0e-9	0.019877
1412.0e-9	0.021664
1413.0e-9	0.023447
1414.0e-9	0.025321
1415.0e-9	0.027191
1416.0e-9	0.029126
1417.0e-9	0.031061
1418.0e-9	0.033147
1419.0e-9	0.035249
1420.0e-9	0.037584
1421.0e-9	0.039890
1422.0e-9	0.041916
1423.0e-9	0.043885
1424.0e-9	0.045551
1425.0e-9	0.047136
1426.0e-9	0.048481
1427.0e-9	0.049768
1428.0e-9	0.050562
1429.0e-9	0.051192
1430.0e-9	0.051667
1431.0e-9	0.052093
1432.0e-9	0.052631
1433.0e-9	0.053228
1434.0e-9	0.054021
1435.0e-9	0.054970
1436.0e-9	0.056109
1437.0e-9	0.057394
1438.0e-9	0.059008
1439.0e-9	0.060987
1440.0e-9	0.062960
1441.0e-9	0.064979
1442.0e-9	0.067208
1443.0e-9	0.069791
1444.0e-9	0.072570
1445.0e-9	0.075886
1446.0e-9	0.079322
1447.0e-9	0.083160
1448.0e-9	0.087108
1449.0e-9	0.091616
1450.0e-9	0.096137
1451.0e-9	0.10095
1452.0e-9	0.10567
1453.0e-9	0.10984
1454.0e-9	0.11381
1455.0e-9	0.11644
1456.0e-9	0.11883
1457.0e-9	0.11949
1458.0e-9	0.11990
1459.0e-9	0.11848
1460.0e-9	0.11686
1461.0e-9	0.11386
1462.0e-9	0.11073
1463.0e-9	0.10732
1464.0e-9	0.10395
1465.0e-9	0.10125
1466.0e-9	0.098806
1467.0e-9	0.097327
1468.0e-9	0.096242
1469.0e-9	0.096285
1470.0e-9	0.096851
1471.0e-9	0.098412
1472.0e-9	0.10051
1473.0e-9	0.10302
1474.0e-9	0.10576
1475.0e-9	0.10852
1476.0e-9	0.11127
1477.0e-9	0.11418
1478.0e-9	0.11725
1479.0e-9	0.12055
1480.0e-9	0.12419
1481.0e-9	0.12793
1482.0e-9	0.13190
1483.0e-9	0.13607
1484.0e-9	0.14065
1485.0e-9	0.14547
1486.0e-9	0.15084
1487.0e-9	0.15630
1488.0e-9	0.16205
1489.0e-9	0.16767
1490.0e-9	0.17297
1491.0e-9	0.17809
1492.0e-9	0.18265
1493.0e-9	0.18704
1494.0e-9	0.19062
1495.0e-9	0.19405
1496.0e-9	0.19675
1497.0e-9	0.19931
1498.0e-9	0.20119
1499.0e-9	0.20300
1500.0e-9	0.20448
1501.0e-9	0.20595
1502.0e-9	0.20777
1503.0e-9	0.20962
1504.0e-9	0.21182
1505.0e-9	0.21403
1506.0e-9	0.21627
1507.0e-9	0.21848
1508.0e-9	0.22068
1509.0e-9	0.22284
1510.0e-9	0.22486
1511.0e-9	0.22682
1512.0e-9	0.22841
1513.0e-9	0.22989
1514.0e-9	0.23109
1515.0e-9	0.23219
1516.0e-9	0.23319
1517.0e-9	0.23417
1518.0e-9	0.23511
1519.0e-9	0.23602
1520.0e-9	0.23683
1521.0e-9	0.23757
1522.0e-9	0.23817
1523.0e-9	0.23868
1524.0e-9	0.23918
1525.0e-9	0.23968
1526.0e-9	0.24005
1527.0e-9	0.24031
1528.0e-9	0.24053
1529.0e-9	0.24072
1530.0e-9	0.24084
1531.0e-9	0.24092
1532.0e-9	0.24097
1533.0e-9	0.24099
1534.0e-9	0.24099
1535.0e-9	0.24095
1536.0e-9	0.24092
1537.0e-9	0.24091
1538.0e-9	0.24089
1539.0e-9	0.24088
1540.0e-9	0.24089
1541.0e-9	0.24091
1542.0e-9	0.24091
1543.0e-9	0.24086
1544.0e-9	0.24076
1545.0e-9	0.24055
1546.0e-9	0.24030
1547.0e-9	0.23991
1548.0e-9	0.23949
1549.0e-9	0.23898
1550.0e-9	0.23845
1551.0e-9	0.23787
1552.0e-9	0.23730
1553.0e-9	0.23672
1554.0e-9	0.23615
1555.0e-9	0.23561
1556.0e-9	0.23507
1557.0e-9	0.23448
1558.0e-9	0.23386
1559.0e-9	0.23301
1560.0e-9	0.23213
1561.0e-9	0.23103
1562.0e-9	0.22990
1563.0e-9	0.22844
1564.0e-9	0.22696
1565.0e-9	0.22517
1566.0e-9	0.22335
1567.0e-9	0.22142
1568.0e-9	0.21949
1569.0e-9	0.21771
1570.0e-9	0.21597
1571.0e-9	0.21468
1572.0e-9	0.21345
1573.0e-9	0.21276
1574.0e-9	0.21214
1575.0e-9	0.21209
1576.0e-9	0.21209
1577.0e-9	0.21259
1578.0e-9	0.21311
1579.0e-9	0.21369
1580.0e-9	0.21425
1581.0e-9	0.21472
1582.0e-9	0.21518
1583.0e-9	0.21551
1584.0e-9	0.21581
1585.0e-9	0.21593
1586.0e-9	0.21602
1587.0e-9	0.21594
1588.0e-9	0.21585
1589.0e-9	0.21570
1590.0e-9	0.21555
1591.0e-9	0.21520
1592.0e-9	0.21483
1593.0e-9	0.21418
1594.0e-9	0.21349
1595.0e-9	0.21264
1596.0e-9	0.21177
1597.0e-9	0.21084
1598.0e-9	0.20990
1599.0e-9	0.20887
1600.0e-9	0.20784
1601.0e-9	0.20696
1602.0e-9	0.20611
1603.0e-9	0.20558
1604.0e-9	0.20512
1605.0e-9	0.20487
1606.0e-9	0.20467
1607.0e-9	0.20477
1608.0e-9	0.20495
1609.0e-9	0.20530
1610.0e-9	0.20569
1611.0e-9	0.20613
1612.0e-9	0.20658
1613.0e-9	0.20702
1614.0e-9	0.20745
1615.0e-9	0.20786
1616.0e-9	0.20825
1617.0e-9	0.20859
1618.0e-9	0.20890
1619.0e-9	0.20918
1620.0e-9	0.20945
1621.0e-9	0.20961
1622.0e-9	0.20975
1623.0e-9	0.20980
1624.0e-9	0.20983
1625.0e-9	0.20972
1626.0e-9	0.20957
1627.0e-9	0.20917
1628.0e-9	0.20870
1629.0e-9	0.20794
1630.0e-9	0.20708
1631.0e-9	0.20608
1632.0e-9	0.20504
1633.0e-9	0.20387
1634.0e-9	0.20265
1635.0e-9	0.20153
1636.0e-9	0.20043
1637.0e-9	0.19943
1638.0e-9	0.19845
1639.0e-9	0.19770
1640.0e-9	0.19701
1641.0e-9	0.19647
1642.0e-9	0.19596
1643.0e-9	0.19562
1644.0e-9	0.19533
1645.0e-9	0.19506
1646.0e-9	0.19480
1647.0e-9	0.19459
1648.0e-9	0.19439
1649.0e-9	0.19422
1650.0e-9	0.19407
1651.0e-9	0.19399
1652.0e-9	0.19394
1653.0e-9	0.19382
1654.0e-9	0.19369
1655.0e-9	0.19351
1656.0e-9	0.19332
1657.0e-9	0.19287
1658.0e-9	0.19237
1659.0e-9	0.19175
1660.0e-9	0.19109
1661.0e-9	0.19025
1662.0e-9	0.18935
1663.0e-9	0.18844
1664.0e-9	0.18747
1665.0e-9	0.18657
1666.0e-9	0.18559
1667.0e-9	0.18473
1668.0e-9	0.18380
1669.0e-9	0.18284
1670.0e-9	0.18177
1671.0e-9	0.18056
1672.0e-9	0.17920
1673.0e-9	0.17786
1674.0e-9	0.17642
1675.0e-9	0.17526
1676.0e-9	0.17408
1677.0e-9	0.17324
1678.0e-9	0.17242
1679.0e-9	0.17201
1680.0e-9	0.17162
1681.0e-9	0.17151
1682.0e-9	0.17139
1683.0e-9	0.17141
1684.0e-9	0.17143
1685.0e-9	0.17142
1686.0e-9	0.17138
1687.0e-9	0.17119
1688.0e-9	0.17099
1689.0e-9	0.17088
1690.0e-9	0.17074
1691.0e-9	0.17047
1692.0e-9	0.17020
1693.0e-9	0.16997
1694.0e-9	0.16972
1695.0e-9	0.16939
1696.0e-9	0.16906
1697.0e-9	0.16871
1698.0e-9	0.16835
1699.0e-9	0.16797
1700.0e-9	0.16755
1701.0e-9	0.16693
1702.0e-9	0.16628
1703.0e-9	0.16562
1704.0e-9	0.16488
1705.0e-9	0.16398
1706.0e-9	0.16304
1707.0e-9	0.16207
1708.0e-9	0.16116
1709.0e-9	0.16038
1710.0e-9	0.15966
1711.0e-9	0.15904
1712.0e-9	0.15853
1713.0e-9	0.15817
1714.0e-9	0.15780
1715.0e-9	0.15743
1716.0e-9	0.15695
1717.0e-9	0.15635
1718.0e-9	0.15565
1719.0e-9	0.15484
1720.0e-9	0.15401
1721.0e-9	0.15317
1722.0e-9	0.15248
1723.0e-9	0.15190
1724.0e-9	0.15125
1725.0e-9	0.15056
1726.0e-9	0.14980
1727.0e-9	0.14900
1728.0e-9	0.14820
1729.0e-9	0.14740
1730.0e-9	0.14653
1731.0e-9	0.14563
1732.0e-9	0.14483
1733.0e-9	0.14406
1734.0e-9	0.14330
1735.0e-9	0.14254
1736.0e-9	0.14184
1737.0e-9	0.14115
1738.0e-9	0.14049
1739.0e-9	0.13984
1740.0e-9	0.13940
1741.0e-9	0.13898
1742.0e-9	0.13875
1743.0e-9	0.13853
1744.0e-9	0.13850
1745.0e-9	0.13848
1746.0e-9	0.13857
1747.0e-9	0.13864
1748.0e-9	0.13863
1749.0e-9	0.13862
1750.0e-9	0.13862
1751.0e-9	0.13858
1752.0e-9	0.13835
1753.0e-9	0.13807
1754.0e-9	0.13754
1755.0e-9	0.13697
1756.0e-9	0.13626
1757.0e-9	0.13553
1758.0e-9	0.13471
1759.0e-9	0.13388
1760.0e-9	0.13302
1761.0e-9	0.13215
1762.0e-9	0.13130
1763.0e-9	0.13041
1764.0e-9	0.12946
1765.0e-9	0.12846
1766.0e-9	0.12744
1767.0e-9	0.12630
1768.0e-9	0.12503
1769.0e-9	0.12355
1770.0e-9	0.12188
1771.0e-9	0.12013
1772.0e-9	0.11827
1773.0e-9	0.11636
1774.0e-9	0.11436
1775.0e-9	0.11232
1776.0e-9	0.11018
1777.0e-9	0.10808
1778.0e-9	0.10587
1779.0e-9	0.10406
1780.0e-9	0.10223
1781.0e-9	0.10058
1782.0e-9	0.098842
1783.0e-9	0.097017
1784.0e-9	0.095039
1785.0e-9	0.093269
1786.0e-9	0.091375
1787.0e-9	0.089164
1788.0e-9	0.086797
1789.0e-9	0.084502
1790.0e-9	0.081905
1791.0e-9	0.069004
1792.0e-9	0.064521
1793.0e-9	0.060556
1794.0e-9	0.056856
1795.0e-9	0.052294
1796.0e-9	0.047570
1797.0e-9	0.043605
1798.0e-9	0.040597
1799.0e-9	0.037748
1800.0e-9	0.035018
1801.0e-9	0.032469
1802.0e-9	0.030451
1803.0e-9	0.028606
1804.0e-9	0.026588
1805.0e-9	0.024596
1806.0e-9	0.022688
1807.0e-9	0.020790
1808.0e-9	0.018932
1809.0e-9	0.017084
1810.0e-9	0.015356
1811.0e-9	0.013797
1812.0e-9	0.012311
1813.0e-9	0.011195
1814.0e-9	0.010376
1815.0e-9	0.0096580
1816.0e-9	0.0090490
1817.0e-9	0.0084050
1818.0e-9	0.0076740
1819.0e-9	0.0069630
1820.0e-9	0.0062380
1821.0e-9	0.0054860
1822.0e-9	0.0046840
1823.0e-9	0.0038460
1824.0e-9	0.0029710
1825.0e-9	0.0022810
1826.0e-9	0.0017950
1827.0e-9	0.0014120
1828.0e-9	0.0010690
1829.0e-9	0.00081000
1830.0e-9	0.00063400
1831.0e-9	0.00051100
1832.0e-9	0.00035800
1833.0e-9	0.00017800
1834.0e-9	9.3000e-05
1835.0e-9	0.00015400
1836.0e-9	0.00022500
1837.0e-9	0.00030000
1838.0e-9	0.00032400
1839.0e-9	0.00029800
1840.0e-9	0.00028100
1841.0e-9	0.00028400
1842.0e-9	0.00024200
1843.0e-9	0.00013200
1844.0e-9	4.1000e-05
1845.0e-9	5.2000e-05
1846.0e-9	0.00019000
1847.0e-9	0.00025000
1848.0e-9	0.00019800
1849.0e-9	0.00017300
1850.0e-9	0.00020800
1851.0e-9	0.00027900
1852.0e-9	0.00034900
1853.0e-9	0.00034000
1854.0e-9	0.00030000
1855.0e-9	0.00041500
1856.0e-9	0.00048300
1857.0e-9	0.00056100
1858.0e-9	0.00062900
1859.0e-9	0.00061400
1860.0e-9	0.00062800
1861.0e-9	0.00065900
1862.0e-9	0.00060400
1863.0e-9	0.00043300
1864.0e-9	0.00024400
1865.0e-9	0.00011800
1866.0e-9	0.00024800
1867.0e-9	0.00040200
1868.0e-9	0.00034300
1869.0e-9	0.00023400
1870.0e-9	0.00023400
1871.0e-9	0.00032800
1872.0e-9	0.00046200
1873.0e-9	0.00054900
1874.0e-9	0.00059200
1875.0e-9	0.00067400
1876.0e-9	0.00087900
1877.0e-9	0.0011980
1878.0e-9	0.0014340
1879.0e-9	0.0014970
1880.0e-9	0.0015520
1881.0e-9	0.0015940
1882.0e-9	0.0016310
1883.0e-9	0.0016940
1884.0e-9	0.0017700
1885.0e-9	0.0018190
1886.0e-9	0.0018570
1887.0e-9	0.0018190
1888.0e-9	0.0016580
1889.0e-9	0.0015200
1890.0e-9	0.0015240
1891.0e-9	0.0015140
1892.0e-9	0.0014140
1893.0e-9	0.0012990
1894.0e-9	0.0011540
1895.0e-9	0.00096200
1896.0e-9	0.00075600
1897.0e-9	0.00062900
1898.0e-9	0.00054100
1899.0e-9	0.00046600
1900.0e-9	0.00043200
1901.0e-9	0.00040400
1902.0e-9	0.00036700
1903.0e-9	0.00040600
1904.0e-9	0.00047700
1905.0e-9	0.00054100
1906.0e-9	0.00058200
1907.0e-9	0.00077900
1908.0e-9	0.0010390
1909.0e-9	0.0012950
1910.0e-9	0.0015580
1911.0e-9	0.0018450
1912.0e-9	0.0021750
1913.0e-9	0.0025000
1914.0e-9	0.0028780
1915.0e-9	0.0032600
1916.0e-9	0.0036170
1917.0e-9	0.0039730
1918.0e-9	0.0042460
1919.0e-9	0.0044720
1920.0e-9	0.0046890
1921.0e-9	0.0048560
1922.0e-9	0.0050280
1923.0e-9	0.0052790
1924.0e-9	0.0055350
1925.0e-9	0.0058620
1926.0e-9	0.0062010
1927.0e-9	0.0067010
1928.0e-9	0.0072090
1929.0e-9	0.0078190
1930.0e-9	0.0084730
1931.0e-9	0.0091650
1932.0e-9	0.0099180
1933.0e-9	0.010646
1934.0e-9	0.011389
1935.0e-9	0.012172
1936.0e-9	0.013044
1937.0e-9	0.013911
1938.0e-9	0.014891
1939.0e-9	0.015875
1940.0e-9	0.016687
1941.0e-9	0.017479
1942.0e-9	0.018165
1943.0e-9	0.018782
1944.0e-9	0.019247
1945.0e-9	0.019379
1946.0e-9	0.019489
1947.0e-9	0.019504
1948.0e-9	0.019525
1949.0e-9	0.019611
1950.0e-9	0.019699
1951.0e-9	0.020154
1952.0e-9	0.020692
1953.0e-9	0.021643
1954.0e-9	0.022822
1955.0e-9	0.024319
1956.0e-9	0.026232
1957.0e-9	0.028286
1958.0e-9	0.030793
1959.0e-9	0.033302
1960.0e-9	0.035982
1961.0e-9	0.038647
1962.0e-9	0.041287
1963.0e-9	0.043915
1964.0e-9	0.046358
1965.0e-9	0.048725
1966.0e-9	0.051065
1967.0e-9	0.053380
1968.0e-9	0.055612
1969.0e-9	0.057679
1970.0e-9	0.059750
1971.0e-9	0.061953
1972.0e-9	0.064160
1973.0e-9	0.065835
1974.0e-9	0.067493
1975.0e-9	0.069017
1976.0e-9	0.070511
1977.0e-9	0.071550
1978.0e-9	0.072350
1979.0e-9	0.072983
1980.0e-9	0.073428
1981.0e-9	0.073823
1982.0e-9	0.074115
1983.0e-9	0.074333
1984.0e-9	0.074061
1985.0e-9	0.073788
1986.0e-9	0.072572
1987.0e-9	0.071309
1988.0e-9	0.069046
1989.0e-9	0.066499
1990.0e-9	0.063004
1991.0e-9	0.058924
1992.0e-9	0.054615
1993.0e-9	0.049990
1994.0e-9	0.045336
1995.0e-9	0.040695
1996.0e-9	0.036196
1997.0e-9	0.032830
1998.0e-9	0.029479
1999.0e-9	0.027785
2000.0e-9	0.026189
2001.0e-9	0.025647
2002.0e-9	0.025409
2003.0e-9	0.025588
2004.0e-9	0.026034
2005.0e-9	0.026550
2006.0e-9	0.027149
2007.0e-9	0.027776
2008.0e-9	0.028474
2009.0e-9	0.029233
2010.0e-9	0.030469
2011.0e-9	0.031714
2012.0e-9	0.033552
2013.0e-9	0.035416
2014.0e-9	0.038177
2015.0e-9	0.041191
2016.0e-9	0.044491
2017.0e-9	0.047958
2018.0e-9	0.051492
2019.0e-9	0.055063
2020.0e-9	0.058540
2021.0e-9	0.061855
2022.0e-9	0.065155
2023.0e-9	0.068047
2024.0e-9	0.070939
2025.0e-9	0.073086
2026.0e-9	0.075217
2027.0e-9	0.076792
2028.0e-9	0.078267
2029.0e-9	0.079114
2030.0e-9	0.079639
2031.0e-9	0.079897
2032.0e-9	0.079906
2033.0e-9	0.079875
2034.0e-9	0.079780
2035.0e-9	0.079559
2036.0e-9	0.079080
2037.0e-9	0.078607
2038.0e-9	0.077590
2039.0e-9	0.076551
2040.0e-9	0.075149
2041.0e-9	0.073716
2042.0e-9	0.071744
2043.0e-9	0.069648
2044.0e-9	0.067391
2045.0e-9	0.064970
2046.0e-9	0.062663
2047.0e-9	0.060631
2048.0e-9	0.058839
2049.0e-9	0.057533
2050.0e-9	0.056381
2051.0e-9	0.056037
2052.0e-9	0.055742
2053.0e-9	0.056078
2054.0e-9	0.056453
2055.0e-9	0.056779
2056.0e-9	0.057131
2057.0e-9	0.057443
2058.0e-9	0.057661
2059.0e-9	0.057898
2060.0e-9	0.058162
2061.0e-9	0.058384
2062.0e-9	0.058568
2063.0e-9	0.058919
2064.0e-9	0.059778
2065.0e-9	0.060680
2066.0e-9	0.061881
2067.0e-9	0.063110
2068.0e-9	0.064791
2069.0e-9	0.066498
2070.0e-9	0.067814
2071.0e-9	0.069000
2072.0e-9	0.070389
2073.0e-9	0.071894
2074.0e-9	0.073184
2075.0e-9	0.074198
2076.0e-9	0.074967
2077.0e-9	0.075450
2078.0e-9	0.075841
2079.0e-9	0.075947
2080.0e-9	0.076048
2081.0e-9	0.076553
2082.0e-9	0.077012
2083.0e-9	0.077051
2084.0e-9	0.077066
2085.0e-9	0.077496
2086.0e-9	0.077996
2087.0e-9	0.078221
2088.0e-9	0.078298
2089.0e-9	0.078116
2090.0e-9	0.077880
2091.0e-9	0.077681
2092.0e-9	0.077443
2093.0e-9	0.077269
2094.0e-9	0.077294
2095.0e-9	0.077339
2096.0e-9	0.077429
2097.0e-9	0.077481
2098.0e-9	0.077376
2099.0e-9	0.077270
2100.0e-9	0.077117
2101.0e-9	0.076946
2102.0e-9	0.076925
2103.0e-9	0.076920
2104.0e-9	0.076902
2105.0e-9	0.076940
2106.0e-9	0.076928
2107.0e-9	0.076873
2108.0e-9	0.076780
2109.0e-9	0.076641
2110.0e-9	0.076406
2111.0e-9	0.075951
2112.0e-9	0.075645
2113.0e-9	0.075567
2114.0e-9	0.075445
2115.0e-9	0.075380
2116.0e-9	0.075309
2117.0e-9	0.075198
2118.0e-9	0.075129
2119.0e-9	0.075181
2120.0e-9	0.075224
2121.0e-9	0.075418
2122.0e-9	0.075567
2123.0e-9	0.075484
2124.0e-9	0.075181
2125.0e-9	0.075125
2126.0e-9	0.075403
2127.0e-9	0.075499
2128.0e-9	0.075500
2129.0e-9	0.075476
2130.0e-9	0.075281
2131.0e-9	0.075123
2132.0e-9	0.074974
2133.0e-9	0.074823
2134.0e-9	0.074698
2135.0e-9	0.074566
2136.0e-9	0.074426
2137.0e-9	0.074317
2138.0e-9	0.074197
2139.0e-9	0.074075
2140.0e-9	0.073788
2141.0e-9	0.073356
2142.0e-9	0.072884
2143.0e-9	0.072390
2144.0e-9	0.071938
2145.0e-9	0.071568
2146.0e-9	0.071213
2147.0e-9	0.071069
2148.0e-9	0.070989
2149.0e-9	0.070778
2150.0e-9	0.070548
2151.0e-9	0.070433
2152.0e-9	0.070321
2153.0e-9	0.069974
2154.0e-9	0.069556
2155.0e-9	0.069058
2156.0e-9	0.068562
2157.0e-9	0.067856
2158.0e-9	0.067133
2159.0e-9	0.066682
2160.0e-9	0.066330
2161.0e-9	0.066216
2162.0e-9	0.066216
2163.0e-9	0.066067
2164.0e-9	0.065746
2165.0e-9	0.065562
2166.0e-9	0.065713
2167.0e-9	0.065866
2168.0e-9	0.065925
2169.0e-9	0.066119
2170.0e-9	0.066443
2171.0e-9	0.066671
2172.0e-9	0.066630
2173.0e-9	0.066561
2174.0e-9	0.066308
2175.0e-9	0.065960
2176.0e-9	0.065171
2177.0e-9	0.064404
2178.0e-9	0.064352
2179.0e-9	0.064456
2180.0e-9	0.064356
2181.0e-9	0.064116
2182.0e-9	0.063926
2183.0e-9	0.063791
2184.0e-9	0.063793
2185.0e-9	0.063839
2186.0e-9	0.064069
2187.0e-9	0.064824
2188.0e-9	0.065365
2189.0e-9	0.064751
2190.0e-9	0.064029
2191.0e-9	0.063242
2192.0e-9	0.062478
2193.0e-9	0.062029
2194.0e-9	0.061599
2195.0e-9	0.061152
2196.0e-9	0.060742
2197.0e-9	0.060674
2198.0e-9	0.060641
2199.0e-9	0.060253
2200.0e-9	0.059824
2201.0e-9	0.059559
2202.0e-9	0.059035
2203.0e-9	0.058944
2204.0e-9	0.059346
2205.0e-9	0.059495
2206.0e-9	0.059543
2207.0e-9	0.059447
2208.0e-9	0.059387
2209.0e-9	0.059484
2210.0e-9	0.059730
2211.0e-9	0.060399
2212.0e-9	0.060265
2213.0e-9	0.059794
2214.0e-9	0.059666
2215.0e-9	0.060211
